# Polynomial distortion coefficients
# Extracted from "/research/HST/GRISM/IREF/uab1537ci_idc.fits" 
refpix 507.000000 507.000000 
quartic
     -3.79525679        1.0559878     0.0074659007    -2.029322e-07    2.5773697e-05 
   2.7968018e-07   -2.5017721e-10    1.3422673e-10    3.0183583e-11    3.7689427e-11 
  -3.0118302e-13    5.7457305e-13    2.3587561e-14    5.4645612e-13   -2.0803463e-13 

     -9.01106503    -0.0048250652       0.94317577    6.5605718e-06   -2.7911559e-07 
   2.8226244e-05    3.4341452e-11   -2.9138539e-10    5.9401585e-11   -2.2478368e-10 
  -5.5742173e-13    5.0290212e-14    -1.659217e-13   -5.1235184e-14    6.8308446e-13 
